5.067465081810951 Test loss (%)
99.08013939857483 Test accuracy (%)

98.9525665602976 Kappa accuracy (%)
99.0801393728223 Overall accuracy (%)
98.95184658982231 Average accuracy (%)

                              precision    recall  f1-score   support

                     Alfalfa       1.00      0.96      0.98        27
                 Corn-notill       1.00      0.99      0.99      1014
                Corn-mintill       0.99      0.99      0.99       577
                        Corn       1.00      1.00      1.00       172
               Grass-pasture       1.00      0.99      1.00       359
                 Grass-trees       1.00      1.00      1.00       507
         Grass-pasture-mowed       1.00      1.00      1.00        21
               Hay-windrowed       1.00      1.00      1.00       344
                        Oats       1.00      1.00      1.00        11
              Soybean-notill       0.99      1.00      0.99       686
             Soybean-mintill       1.00      1.00      1.00      1695
               Soybean-clean       0.99      0.92      0.95       419
                       Wheat       0.95      1.00      0.98       143
                       Woods       1.00      1.00      1.00       876
Buildings-Grass-Trees-Drives       1.00      0.99      1.00       265
          Stone-Steel-Towers       0.69      1.00      0.81        59

                    accuracy                           0.99      7175
                   macro avg       0.97      0.99      0.98      7175
                weighted avg       0.99      0.99      0.99      7175

[[  26    1    0    0    0    0    0    0    0    0    0    0    0    0
     0    0]
 [   0 1000    7    0    0    0    0    0    0    0    4    0    0    3
     0    0]
 [   0    1  569    0    0    0    0    0    0    0    0    0    7    0
     0    0]
 [   0    0    0  172    0    0    0    0    0    0    0    0    0    0
     0    0]
 [   0    0    0    0  357    0    0    0    0    0    2    0    0    0
     0    0]
 [   0    1    0    0    0  506    0    0    0    0    0    0    0    0
     0    0]
 [   0    0    0    0    0    0   21    0    0    0    0    0    0    0
     0    0]
 [   0    0    0    0    0    0    0  344    0    0    0    0    0    0
     0    0]
 [   0    0    0    0    0    0    0    0   11    0    0    0    0    0
     0    0]
 [   0    0    0    0    0    0    0    0    0  683    0    2    0    1
     0    0]
 [   0    0    0    0    0    0    0    0    0    0 1695    0    0    0
     0    0]
 [   0    0    0    0    0    0    0    0    0    8    0  384    0    0
     0   27]
 [   0    0    0    0    0    0    0    0    0    0    0    0  143    0
     0    0]
 [   0    0    0    0    0    0    0    0    0    0    0    0    0  876
     0    0]
 [   0    0    0    0    1    0    0    0    0    0    0    1    0    0
   263    0]
 [   0    0    0    0    0    0    0    0    0    0    0    0    0    0
     0   59]]